0,0,0,0,0,0.0140520134228188,0,0,0,0.378984899328859,0,0.149748322147651,0,0,0,0,0,0,0,0,0.0698406040268456,0,0,0,0,0,0,0,0,0,0,0,0.0414569351230425,0,0.0562779642058166,0,0.0392897091722595,0,0,0.0523629753914989,0,0.197986577181208,0,0,0,0,0,0,0,0,0,0,0,0,0,0,0,0,0,0,0,0,0,0,0,0,0,0,0,0,0,0,0,0,0,0,0,0,0,0,0,0,0,0,0,0,0,0,0,0,0,0,0,0,0,0,0,0,0,0,0,0,0,0,0,0,0,0,0,0,0,0,0,0,0,0,0,0,0,0,0,0,0,0,0,0,0,0,0,0
0,0,0,0,0,0.533249014934086,0,0,0,0.103468404922897,0,0,0,0,0.0345867587683028,0,0.00715084885926935,0,0.00505910395485723,0.00257819720776378,0,0,0,0,0,0,0.00870749622999465,0,0,0,0.0835238604854794,0.0584229216325339,0,0,0,0.000194580921340663,0.0848372817045289,0,0,0,0,0,0,0,0,0,0,0.0660602227951549,0,0,0,0,0,0,0,0,0,0,0,0,0,0,0.0121613075837914,0,0,0,0,0,0,0,0,0,0,0,0,0,0,0,0,0,0,0,0,0,0,0,0,0,0,0,0,0,0,0,0,0,0,0,0,0,0,0,0,0,0,0,0,0,0,0,0,0,0,0,0,0,0,0,0,0,0,0,0,0,0,0,0,0,0,0
0,0,0,0,0,0.29589519650655,0,0,0,0,0,0.251528384279476,0,0,0.0459825327510917,0,0.0410917030567686,0,0.0107423580786026,0,0.00397379912663755,0,0,0,0,0,0,0,0,0,0.0192576419213974,0,0,0,0,0.083056768558952,0.0154585152838428,0,0,0,0,0,0,0,0,0,0,0.11825327510917,0,0,0,0,0,0,0,0,0,0.0825764192139738,0.0321834061135371,0,0,0,0,0,0,0,0,0,0,0,0,0,0,0,0,0,0,0,0,0,0,0,0,0,0,0,0,0,0,0,0,0,0,0,0,0,0,0,0,0,0,0,0,0,0,0,0,0,0,0,0,0,0,0,0,0,0,0,0,0,0,0,0,0,0,0,0,0,0,0
0,0,0,0,0,0,0,0,0,0,0,0.173953488372093,0,0,0,0,0,0,0,0,0,0,0,0.159302325581395,0,0,0,0,0,0,0,0,0,0,0.666744186046512,0,0,0,0,0,0,0,0,0,0,0,0,0,0,0,0,0,0,0,0,0,0,0,0,0,0,0,0,0,0,0,0,0,0,0,0,0,0,0,0,0,0,0,0,0,0,0,0,0,0,0,0,0,0,0,0,0,0,0,0,0,0,0,0,0,0,0,0,0,0,0,0,0,0,0,0,0,0,0,0,0,0,0,0,0,0,0,0,0,0,0,0,0,0,0
0,0,0,0,0,0,0,0,0,0,0,0.303635067712046,0,0,0,0,0,0,0,0,0,0,0,0.553575671180803,0,0,0,0,0,0,0,0,0,0,0.139700641482537,0,0,0,0,0,0,0,0,0,0,0,0,0,0,0,0,0,0,0,0,0,0,0.00308861962461392,0,0,0,0,0,0,0,0,0,0,0,0,0,0,0,0,0,0,0,0,0,0,0,0,0,0,0,0,0,0,0,0,0,0,0,0,0,0,0,0,0,0,0,0,0,0,0,0,0,0,0,0,0,0,0,0,0,0,0,0,0,0,0,0,0,0,0,0,0,0,0,0
0,0,0,0,0,0,0,0,0.0445077833808375,0,0,0,0,0,0,0,0.165972374479281,0,0,0,0,0,0,0.64854198640649,0,0,0.0282832712124534,0.0260907695680772,0,0,0,0,0,0,0.000219250164437623,0,0,0,0,0,0,0,0,0,0,0,0,0,0,0,0,0,0,0,0,0,0,0.0249945187458891,0,0,0,0,0.0613900460425345,0,0,0,0,0,0,0,0,0,0,0,0,0,0,0,0,0,0,0,0,0,0,0,0,0,0,0,0,0,0,0,0,0,0,0,0,0,0,0,0,0,0,0,0,0,0,0,0,0,0,0,0,0,0,0,0,0,0,0,0,0,0,0,0,0,0,0
0,0,0,0,0,0,0,0,0,0,0,0,0,0,0,0,0,0,0,0,0,0,0,0,0,0,0,0,0,0,0,0,0,0,0.405681818181818,0,0,0,0,0,0,0,0,0,0,0,0,0,0,0,0,0,0,0.594318181818182,0,0,0,0,0,0,0,0,0,0,0,0,0,0,0,0,0,0,0,0,0,0,0,0,0,0,0,0,0,0,0,0,0,0,0,0,0,0,0,0,0,0,0,0,0,0,0,0,0,0,0,0,0,0,0,0,0,0,0,0,0,0,0,0,0,0,0,0,0,0,0,0,0,0,0,0
0,0,0,0,0,0.0638727028238458,0,0,0,0.281712236665173,0,0,0.0527790228597042,0,0,0,0,0,0,0.211340206185567,0,0,0,0,0,0,0,0,0,0,0,0.327655759748991,0,0,0,0,0,0,0,0,0,0,0,0,0,0.0538995965934558,0,0,0,0,0,0,0,0,0,0,0.00874047512326311,0,0,0,0,0,0,0,0,0,0,0,0,0,0,0,0,0,0,0,0,0,0,0,0,0,0,0,0,0,0,0,0,0,0,0,0,0,0,0,0,0,0,0,0,0,0,0,0,0,0,0,0,0,0,0,0,0,0,0,0,0,0,0,0,0,0,0,0,0,0,0,0,0
0,0,0,0,0,0.863393115417992,0,0,0,0,0,0,0.00209719409892971,0,0,0,0,0,0,0.0196702343072028,0,0,0,0,0,0,0,0,0,0,0,0.0057130459936361,0,0,0,0,0,0,0,0,0,0,0,0,0,0.0515620480185132,0,0,0,0,0,0,0,0,0,0,0.0575643621637258,0,0,0,0,0,0,0,0,0,0,0,0,0,0,0,0,0,0,0,0,0,0,0,0,0,0,0,0,0,0,0,0,0,0,0,0,0,0,0,0,0,0,0,0,0,0,0,0,0,0,0,0,0,0,0,0,0,0,0,0,0,0,0,0,0,0,0,0,0,0,0,0,0
0,0,0,0,0,0.896638959161547,0,0,0,0,0,0,0,0,0,0,0,0,0,0,0,0,0,0,0,0,0,0,0,0,0.103361040838453,0,0,0,0,0,0,0,0,0,0,0,0,0,0,0,0,0,0,0,0,0,0,0,0,0,0,0,0,0,0,0,0,0,0,0,0,0,0,0,0,0,0,0,0,0,0,0,0,0,0,0,0,0,0,0,0,0,0,0,0,0,0,0,0,0,0,0,0,0,0,0,0,0,0,0,0,0,0,0,0,0,0,0,0,0,0,0,0,0,0,0,0,0,0,0,0,0,0,0
0.523557437797777,0.0412916887241927,0,0,0,0.235574377977766,0,0,0,0,0,0,0,0,0,0,0,0,0,0,0,0,0,0,0,0,0.179724722075172,0,0,0,0.0092641609317099,0,0,0,0,0,0,0,0,0,0,0,0,0,0,0,0,0,0,0,0,0,0,0,0,0,0,0,0,0,0.0105876124933827,0,0,0,0,0,0,0,0,0,0,0,0,0,0,0,0,0,0,0,0,0,0,0,0,0,0,0,0,0,0,0,0,0,0,0,0,0,0,0,0,0,0,0,0,0,0,0,0,0,0,0,0,0,0,0,0,0,0,0,0,0,0,0,0,0,0,0,0,0
0.17578125,0.298177083333333,0,0,0,0,0,0,0,0,0,0,0,0,0,0,0,0,0,0,0,0,0,0,0,0,0.440104166666667,0,0.00737847222222222,0,0.0785590277777778,0,0,0,0,0,0,0,0,0,0,0,0,0,0,0,0,0,0,0,0,0,0,0,0,0,0,0,0,0,0,0,0,0,0,0,0,0,0,0,0,0,0,0,0,0,0,0,0,0,0,0,0,0,0,0,0,0,0,0,0,0,0,0,0,0,0,0,0,0,0,0,0,0,0,0,0,0,0,0,0,0,0,0,0,0,0,0,0,0,0,0,0,0,0,0,0,0,0,0
0,0,0,0,0,0,0,0,0,0,0,0,0,0,0,0,0.0913604766633565,0,0,0,0,0,0,0,0,0,0.812313803376365,0,0,0,0.0913604766633565,0,0,0,0,0,0,0,0,0,0,0,0,0,0,0,0,0,0,0,0,0,0,0,0,0,0,0,0,0,0,0,0.00496524329692155,0,0,0,0,0,0,0,0,0,0,0,0,0,0,0,0,0,0,0,0,0,0,0,0,0,0,0,0,0,0,0,0,0,0,0,0,0,0,0,0,0,0,0,0,0,0,0,0,0,0,0,0,0,0,0,0,0,0,0,0,0,0,0,0,0,0,0
0,0.0112540192926045,0,0,0,0,0,0,0.178054662379421,0,0,0,0,0,0,0,0.0253215434083601,0,0,0,0,0,0,0,0,0,0.354099678456592,0.0691318327974277,0.323553054662379,0,0,0,0,0,0,0,0,0,0,0,0,0,0,0,0,0,0,0,0,0,0,0,0,0,0,0,0,0,0,0,0.0385852090032154,0,0,0,0,0,0,0,0,0,0,0,0,0,0,0,0,0,0,0,0,0,0,0,0,0,0,0,0,0,0,0,0,0,0,0,0,0,0,0,0,0,0,0,0,0,0,0,0,0,0,0,0,0,0,0,0,0,0,0,0,0,0,0,0,0,0,0,0,0
0,0,0,0,0,0,0,0,0,0,0,0,0,0,0,0,0.646118721461187,0,0,0,0,0,0,0.276255707762557,0,0,0,0,0,0,0,0,0,0,0,0,0,0,0,0,0,0,0,0,0,0,0,0,0,0,0,0,0,0,0,0,0,0.0776255707762557,0,0,0,0,0,0,0,0,0,0,0,0,0,0,0,0,0,0,0,0,0,0,0,0,0,0,0,0,0,0,0,0,0,0,0,0,0,0,0,0,0,0,0,0,0,0,0,0,0,0,0,0,0,0,0,0,0,0,0,0,0,0,0,0,0,0,0,0,0,0,0,0
0,0,0,0,0,0,0,0,0,0,0,0,0,0,0,0,0,0,0,0,0,0,0,0.0032088993475238,0,0,0,0.0268477912076158,0.0172210931650444,0,0,0,0,0,0.449994651834421,0,0,0,0,0,0,0,0,0,0,0,0.0913466680928442,0,0,0,0,0,0,0.188041501764895,0.0883516953684886,0,0,0,0,0.0121938175205904,0.065889399935822,0.0569044817627554,0,0,0,0,0,0,0,0,0,0,0,0,0,0,0,0,0,0,0,0,0,0,0,0,0,0,0,0,0,0,0,0,0,0,0,0,0,0,0,0,0,0,0,0,0,0,0,0,0,0,0,0,0,0,0,0,0,0,0,0,0,0,0,0,0,0,0,0
0,0,0,0,0,0.735224117413725,0,0,0,0,0,0,0,0.0228084093613645,0,0,0,0,0,0,0,0,0,0,0,0,0,0,0,0,0,0.10412534708449,0,0,0,0,0,0,0,0,0,0,0,0,0,0.126735422451408,0,0,0,0.0111067036890123,0,0,0,0,0,0,0,0,0,0,0,0,0,0,0,0,0,0,0,0,0,0,0,0,0,0,0,0,0,0,0,0,0,0,0,0,0,0,0,0,0,0,0,0,0,0,0,0,0,0,0,0,0,0,0,0,0,0,0,0,0,0,0,0,0,0,0,0,0,0,0,0,0,0,0,0,0,0,0,0
0,0,0,0,0.416202598780164,0,0,0,0,0.0401750198886237,0,0,0,0.0234685759745426,0,0,0,0,0,0,0,0,0,0,0,0,0,0,0,0,0,0.341156191991514,0,0,0,0,0,0,0,0,0,0,0,0,0,0.000397772474144789,0,0,0,0.125696101829753,0.052903739061257,0,0,0,0,0,0,0,0,0,0,0,0,0,0,0,0,0,0,0,0,0,0,0,0,0,0,0,0,0,0,0,0,0,0,0,0,0,0,0,0,0,0,0,0,0,0,0,0,0,0,0,0,0,0,0,0,0,0,0,0,0,0,0,0,0,0,0,0,0,0,0,0,0,0,0,0,0,0,0
0,0,0,0,0.901821060965954,0,0,0,0,0,0.0427553444180523,0,0,0,0,0,0,0,0,0,0,0,0,0,0,0,0,0,0,0,0,0,0,0,0,0,0,0,0,0,0,0,0,0,0,0,0,0,0.0166270783847981,0.0387965162311956,0,0,0,0,0,0,0,0,0,0,0,0,0,0,0,0,0,0,0,0,0,0,0,0,0,0,0,0,0,0,0,0,0,0,0,0,0,0,0,0,0,0,0,0,0,0,0,0,0,0,0,0,0,0,0,0,0,0,0,0,0,0,0,0,0,0,0,0,0,0,0,0,0,0,0,0,0,0,0,0
0,0,0,0.0121359223300971,0,0,0,0,0,0,0,0,0,0,0,0,0,0,0,0,0,0,0,0,0,0.00728155339805825,0,0,0,0,0,0,0,0,0,0,0,0,0,0,0,0,0,0,0,0,0,0,0.543689320388349,0.0266990291262136,0,0,0.407766990291262,0,0,0,0,0,0,0,0.00242718446601942,0,0,0,0,0,0,0,0,0,0,0,0,0,0,0,0,0,0,0,0,0,0,0,0,0,0,0,0,0,0,0,0,0,0,0,0,0,0,0,0,0,0,0,0,0,0,0,0,0,0,0,0,0,0,0,0,0,0,0,0,0,0,0,0,0,0,0,0,0
0,0,0,0.324725437815375,0,0,0,0,0,0,0,0,0,0,0,0,0,0,0,0,0,0,0,0,0,0.347877708518848,0,0,0,0,0,0,0,0,0,0,0,0,0,0,0,0,0,0,0,0,0,0,0.317304838230929,0,0,0,0.0100920154348471,0,0,0,0,0,0,0,0,0,0,0,0,0,0,0,0,0,0,0,0,0,0,0,0,0,0,0,0,0,0,0,0,0,0,0,0,0,0,0,0,0,0,0,0,0,0,0,0,0,0,0,0,0,0,0,0,0,0,0,0,0,0,0,0,0,0,0,0,0,0,0,0,0,0,0,0,0
0,0,0,0,0,0,0,0,0,0,1,0,0,0,0,0,0,0,0,0,0,0,0,0,0,0,0,0,0,0,0,0,0,0,0,0,0,0,0,0,0,0,0,0,0,0,0,0,0,0,0,0,0,0,0,0,0,0,0,0,0,0,0,0,0,0,0,0,0,0,0,0,0,0,0,0,0,0,0,0,0,0,0,0,0,0,0,0,0,0,0,0,0,0,0,0,0,0,0,0,0,0,0,0,0,0,0,0,0,0,0,0,0,0,0,0,0,0,0,0,0,0,0,0,0,0,0,0,0,0
0,0,0,0,0,0,0,0,0,0,1,0,0,0,0,0,0,0,0,0,0,0,0,0,0,0,0,0,0,0,0,0,0,0,0,0,0,0,0,0,0,0,0,0,0,0,0,0,0,0,0,0,0,0,0,0,0,0,0,0,0,0,0,0,0,0,0,0,0,0,0,0,0,0,0,0,0,0,0,0,0,0,0,0,0,0,0,0,0,0,0,0,0,0,0,0,0,0,0,0,0,0,0,0,0,0,0,0,0,0,0,0,0,0,0,0,0,0,0,0,0,0,0,0,0,0,0,0,0,0
0,0,0,0,0,0,0,0,0,0,0.924687260658667,0,0,0,0,0,0,0,0,0,0,0,0,0,0,0,0,0,0,0,0,0,0,0,0,0,0,0,0,0,0,0,0,0,0,0,0,0,0.0753127393413326,0,0,0,0,0,0,0,0,0,0,0,0,0,0,0,0,0,0,0,0,0,0,0,0,0,0,0,0,0,0,0,0,0,0,0,0,0,0,0,0,0,0,0,0,0,0,0,0,0,0,0,0,0,0,0,0,0,0,0,0,0,0,0,0,0,0,0,0,0,0,0,0,0,0,0,0,0,0,0,0,0
0,0,0,0,0,0,0,0,0,0,0.918539951034943,0,0,0,0,0,0,0,0,0,0,0,0,0,0,0,0,0,0,0,0,0,0,0,0,0,0,0.0814600489650567,0,0,0,0,0,0,0,0,0,0,0,0,0,0,0,0,0,0,0,0,0,0,0,0,0,0,0,0,0,0,0,0,0,0,0,0,0,0,0,0,0,0,0,0,0,0,0,0,0,0,0,0,0,0,0,0,0,0,0,0,0,0,0,0,0,0,0,0,0,0,0,0,0,0,0,0,0,0,0,0,0,0,0,0,0,0,0,0,0,0,0,0
0,0,0,0,0,0,0,0.0862666897867175,0,0,0.731056008323218,0,0,0,0,0.0536674180683197,0,0,0,0,0,0,0,0,0,0,0,0,0,0,0,0,0,0,0,0,0,0.110456043003295,0.00286110629443385,0,0,0,0,0.0133518293740246,0,0,0,0,0,0,0,0,0,0,0,0,0,0,0,0,0,0,0,0.00234090514999133,0,0,0,0,0,0,0,0,0,0,0,0,0,0,0,0,0,0,0,0,0,0,0,0,0,0,0,0,0,0,0,0,0,0,0,0,0,0,0,0,0,0,0,0,0,0,0,0,0,0,0,0,0,0,0,0,0,0,0,0,0,0,0,0,0,0
0,0,0,0,0,0,0,0,0,0,0.673124231242312,0,0,0,0,0,0,0.0987084870848708,0,0,0,0,0,0,0,0,0,0,0,0,0,0,0,0,0,0,0,0,0.108548585485855,0,0.0018450184501845,0,0,0,0,0,0,0,0,0,0,0,0,0,0,0,0,0,0,0,0,0,0,0.117773677736777,0,0,0,0,0,0,0,0,0,0,0,0,0,0,0,0,0,0,0,0,0,0,0,0,0,0,0,0,0,0,0,0,0,0,0,0,0,0,0,0,0,0,0,0,0,0,0,0,0,0,0,0,0,0,0,0,0,0,0,0,0,0,0,0,0,0
0,0,0.107371290762294,0.000209709552270106,0,0,0,0,0,0,0.438188109468386,0,0,0,0,0,0,0,0,0,0,0,0,0,0,0.263080633322848,0,0,0,0,0,0,0,0,0,0,0,0,0,0,0.00650099612037328,0,0,0,0,0,0,0,0.184649260773828,0,0,0,0,0,0,0,0,0,0,0,0,0,0,0,0,0,0,0,0,0,0,0,0,0,0,0,0,0,0,0,0,0,0,0,0,0,0,0,0,0,0,0,0,0,0,0,0,0,0,0,0,0,0,0,0,0,0,0,0,0,0,0,0,0,0,0,0,0,0,0,0,0,0,0,0,0,0,0,0,0
0,0,0,0,0,0,0,0,0,0.51361804995971,0,0,0,0,0,0.00273972602739726,0,0,0,0,0,0,0,0,0,0,0,0,0,0,0,0,0,0.0204673650282031,0.0107977437550363,0,0,0.0614020950846092,0,0,0,0.249153908138598,0,0,0,0,0,0,0,0,0,0,0,0.141821112006446,0,0,0,0,0,0,0,0,0,0,0,0,0,0,0,0,0,0,0,0,0,0,0,0,0,0,0,0,0,0,0,0,0,0,0,0,0,0,0,0,0,0,0,0,0,0,0,0,0,0,0,0,0,0,0,0,0,0,0,0,0,0,0,0,0,0,0,0,0,0,0,0,0,0,0,0
0,0,0,0,0,0,0,0,0,0.139177020403511,0.0152741365553402,0,0,0,0,0.0164139974923059,0,0,0,0,0,0,0,0,0,0,0,0,0,0,0,0,0,0,0,0,0,0.802918043998632,0,0,0,0,0,0,0,0,0,0,0,0,0,0.0262168015502109,0,0,0,0,0,0,0,0,0,0,0,0,0,0,0,0,0,0,0,0,0,0,0,0,0,0,0,0,0,0,0,0,0,0,0,0,0,0,0,0,0,0,0,0,0,0,0,0,0,0,0,0,0,0,0,0,0,0,0,0,0,0,0,0,0,0,0,0,0,0,0,0,0,0,0,0,0,0
0,0,0,0,0,0,0,0.291306326809285,0,0.00489303595812472,0,0,0,0,0,0.440828402366864,0,0,0,0,0,0,0,0,0,0,0,0,0,0,0,0,0,0,0,0,0,0.0911470186618116,0,0,0,0,0,0,0,0,0,0,0,0,0,0,0,0,0,0.171825216203914,0,0,0,0,0,0,0,0,0,0,0,0,0,0,0,0,0,0,0,0,0,0,0,0,0,0,0,0,0,0,0,0,0,0,0,0,0,0,0,0,0,0,0,0,0,0,0,0,0,0,0,0,0,0,0,0,0,0,0,0,0,0,0,0,0,0,0,0,0,0,0,0,0,0
0,0,0,0,0,0,0,0.092992240543162,0,0,0,0,0,0,0,0.120877788554801,0,0,0,0,0,0,0.0504364694471387,0,0.00472841901066925,0,0,0,0,0,0,0,0,0.564015518913676,0,0,0,0.0575897187196896,0,0,0,0,0,0,0.0266731328806983,0,0,0,0,0,0,0,0,0.0780795344325897,0,0.00460717749757517,0,0,0,0,0,0,0,0,0,0,0,0,0,0,0,0,0,0,0,0,0,0,0,0,0,0,0,0,0,0,0,0,0,0,0,0,0,0,0,0,0,0,0,0,0,0,0,0,0,0,0,0,0,0,0,0,0,0,0,0,0,0,0,0,0,0,0,0,0,0,0,0,0,0
0,0,0,0,0,0,0,0.807815502882767,0,0,0,0,0,0,0,0.0625667307281657,0,0,0,0,0,0,0,0,0.00384368994234465,0,0,0,0,0,0,0,0,0,0,0,0,0,0,0,0,0,0,0.125774076446722,0,0,0,0,0,0,0,0,0,0,0,0,0,0,0,0,0,0,0,0,0,0,0,0,0,0,0,0,0,0,0,0,0,0,0,0,0,0,0,0,0,0,0,0,0,0,0,0,0,0,0,0,0,0,0,0,0,0,0,0,0,0,0,0,0,0,0,0,0,0,0,0,0,0,0,0,0,0,0,0,0,0,0,0,0,0
0,0,0,0,0.464799342555814,0,0,0,0,0.140391727160663,0.0616353924119984,0,0,0,0,0,0,0,0,0,0,0,0,0,0,0,0,0,0,0,0,0.0269141213532393,0,0,0,0,0,0.115874537734557,0,0,0,0,0,0,0,0,0,0,0.000958772770853308,0,0.12114778797425,0.0682783180386248,0,0,0,0,0,0,0,0,0,0,0,0,0,0,0,0,0,0,0,0,0,0,0,0,0,0,0,0,0,0,0,0,0,0,0,0,0,0,0,0,0,0,0,0,0,0,0,0,0,0,0,0,0,0,0,0,0,0,0,0,0,0,0,0,0,0,0,0,0,0,0,0,0,0,0,0,0,0
0,0,0,0,0,0,0,0,0,0.802479170900224,0,0,0,0,0,0,0,0,0,0,0,0,0,0,0,0,0,0,0,0,0,0.197520829099776,0,0,0,0,0,0,0,0,0,0,0,0,0,0,0,0,0,0,0,0,0,0,0,0,0,0,0,0,0,0,0,0,0,0,0,0,0,0,0,0,0,0,0,0,0,0,0,0,0,0,0,0,0,0,0,0,0,0,0,0,0,0,0,0,0,0,0,0,0,0,0,0,0,0,0,0,0,0,0,0,0,0,0,0,0,0,0,0,0,0,0,0,0,0,0,0,0,0
0,0,0,0,0,0,0,0,0,0,0,0,0,0,0,0,0,0,0,0,0,0,0,0,0,0,0,0,0,0,0,0,0,0,0,0,0,0,0,0,0,0,0,0,0,0,0,0,0,0,0,0,0,0.885324232081911,0.073037542662116,0,0,0,0,0.0416382252559727,0,0,0,0,0,0,0,0,0,0,0,0,0,0,0,0,0,0,0,0,0,0,0,0,0,0,0,0,0,0,0,0,0,0,0,0,0,0,0,0,0,0,0,0,0,0,0,0,0,0,0,0,0,0,0,0,0,0,0,0,0,0,0,0,0,0,0,0,0,0
0,0,0,0,0,0,0.0412083772788911,0,0,0,0,0,0,0,0,0,0,0,0,0,0,0,0,0,0.3662046105168,0,0,0,0,0,0,0,0,0.000226005725478379,0,0,0,0,0,0,0,0,0,0,0,0,0,0,0,0,0,0,0,0.442368540003013,0.148711767364773,0,0,0,0,0.00120536386921802,0,0,0,0,7.53352418261263e-05,0,0,0,0,0,0,0,0,0,0,0,0,0,0,0,0,0,0,0,0,0,0,0,0,0,0,0,0,0,0,0,0,0,0,0,0,0,0,0,0,0,0,0,0,0,0,0,0,0,0,0,0,0,0,0,0,0,0,0,0,0,0,0,0,0
0,0,0,0,0,0,0.0874874118831823,0,0,0,0,0,0,0,0,0,0,0,0,0,0,0,0,0,0.037638469284995,0.00868580060422961,0,0,0,0.091515609264854,0,0,0,0,0,0,0,0,0,0,0,0,0.551233635448137,0,0,0,0,0,0,0,0,0,0,0,0.16603726082578,0,0,0,0,0,0.0574018126888218,0,0,0,0,0,0,0,0,0,0,0,0,0,0,0,0,0,0,0,0,0,0,0,0,0,0,0,0,0,0,0,0,0,0,0,0,0,0,0,0,0,0,0,0,0,0,0,0,0,0,0,0,0,0,0,0,0,0,0,0,0,0,0,0,0,0,0,0,0
0,0,0.033009989865354,0,0,0,0.534144105014237,0.00082042372472371,0,0,0.0232131653877709,0,0,0,0,0,0,0.100236475073597,0,0,0,0.0326721683316442,0,0,0.0847932049611505,0.00246127117417113,0,0,0,0,0,0,0,0,0,0,0,0,0.0413590077698953,0,0,0,0.0447854833260943,0.0882679407364509,0.00236475073596834,0,0,0,0,0,0,0,0,0,0,0,0,0,0,0,0,0,0,0,0.0118720138989431,0,0,0,0,0,0,0,0,0,0,0,0,0,0,0,0,0,0,0,0,0,0,0,0,0,0,0,0,0,0,0,0,0,0,0,0,0,0,0,0,0,0,0,0,0,0,0,0,0,0,0,0,0,0,0,0,0,0,0,0,0,0,0,0,0
0,0,0,0,0,0,0,0,0,0,0,0,0,0,0,0,0,0,0,0,0,0,0,0,0,0.0720567375886525,0,0,0,0,0,0,0,0,0,0,0,0,0,0,0,0,0.927943262411348,0,0,0,0,0,0,0,0,0,0,0,0,0,0,0,0,0,0,0,0,0,0,0,0,0,0,0,0,0,0,0,0,0,0,0,0,0,0,0,0,0,0,0,0,0,0,0,0,0,0,0,0,0,0,0,0,0,0,0,0,0,0,0,0,0,0,0,0,0,0,0,0,0,0,0,0,0,0,0,0,0,0,0,0,0,0,0
0,0,0.291321991571718,0,0,0,0.000468237864835336,0,0,0,0.000468237864835336,0,0,0,0,0,0,0.310987981894803,0,0,0,0,0,0,0,0.343998751365694,0,0,0,0,0,0,0,0,0,0,0,0,0.00561885437802404,0,0.027313875448728,0,0.0139690963009209,0,0,0,0,0,0,0,0,0,0,0,0,0,0,0,0,0,0,0,0,0.0058529733104417,0,0,0,0,0,0,0,0,0,0,0,0,0,0,0,0,0,0,0,0,0,0,0,0,0,0,0,0,0,0,0,0,0,0,0,0,0,0,0,0,0,0,0,0,0,0,0,0,0,0,0,0,0,0,0,0,0,0,0,0,0,0,0,0,0,0
0,0,0,0,0,0,0,0,0,0,0,0,0,0,0,0,0,0,0,0,0,0,0,0,0,0,0,0,0,0,0,0,0,0,0,0,0,0,0,0,0,0,0,0,0,0,0,0,0,0,0,0,0,0,0,0,0,0,0,0,0,0,0,0,0,0,0,0,0,0,0,0,0,0.409902130109384,0,0,0.0848445595854922,0,0,0,0,0,0,0,0,0,0,0,0,0,0,0.0650546919976972,0,0.0448330454807139,0,0,0.0408750719631549,0,0,0.054691997697179,0.299798503166379,0,0,0,0,0,0,0,0,0,0,0,0,0,0,0,0,0,0,0,0,0,0,0,0,0,0,0,0,0
0,0,0,0,0,0,0,0,0,0,0,0,0,0,0,0,0,0,0,0,0,0,0,0,0,0,0,0,0,0,0,0,0,0,0,0,0,0,0,0,0,0,0,0,0,0,0,0,0,0,0,0,0,0,0,0,0,0,0,0,0,0,0,0,0,0,0,0,0,0,0.39170299113182,0,0,0.0922390901347763,0,0,0.0676386592514655,0,0,0.0196402625382033,0,0.000250513552783206,0,0,0,0,0.000551129816123052,0,0,0.0533092840322661,0.0393306277869633,0,0,0,0.0104213637957814,0,0.0902349817125107,0,0,0,0,0,0,0,0,0.0184377974848439,0,0.157422716568966,0,0,0,0,0,0,0,0,0,0.0224460143293752,0,0,0,0.0363745678641215,0,0,0,0,0,0,0,0
0,0,0,0,0,0,0,0,0,0,0,0,0,0,0,0,0,0,0,0,0,0,0,0,0,0,0,0,0,0,0,0,0,0,0,0,0,0,0,0,0,0,0,0,0,0,0,0,0,0,0,0,0,0,0,0,0,0,0,0,0,0,0,0,0,0,0,0,0,0,0.131528817613964,0,0,0,0,0,0.379169804633855,0,0,0.0235236787312276,0.0208656359367386,0,0.00124041997076153,0,0,0,0,0,0,0,0,0.0060691977140832,0,0,0.0551100872724051,0,0.0229034687458468,0,0,0,0,0,0,0,0,0,0,0.0594958578833119,0,0,0,0,0,0,0,0,0,0,0,0.217339299162717,0.0827537323350906,0,0,0,0,0,0,0,0,0
0,0,0,0,0,0,0,0,0,0,0,0,0,0,0,0,0,0,0,0,0,0,0,0,0,0,0,0,0,0,0,0,0,0,0,0,0,0,0,0,0,0,0,0,0,0,0,0,0,0,0,0,0,0,0,0,0,0,0,0,0,0,0,0,0,0,0,0,0,0,0,0,0,0,0,0,0.278047868362005,0,0,0,0,0,0.0347793567688856,0,0,0,0,0,0,0,0,0,0,0.684181002243829,0,0,0,0,0,0.00037397157816006,0,0,0,0,0,0,0,0,0,0,0,0,0,0,0,0,0,0,0,0.00261780104712042,0,0,0,0,0,0,0,0,0,0
0,0,0,0,0,0,0,0,0,0,0,0,0,0,0,0,0,0,0,0,0,0,0,0,0,0,0,0,0,0,0,0,0,0,0,0,0,0,0,0,0,0,0,0,0,0,0,0,0,0,0,0,0,0,0,0,0,0,0,0,0,0,0,0,0,0,0,0,0,0,0,0,0,0,0,0,0.281197063805759,0,0,0,0,0,0.458921513269339,0,0,0,0,0,0,0,0,0,0,0.259881422924901,0,0,0,0,0,0,0,0,0,0,0,0,0,0,0,0,0,0,0,0,0,0,0,0,0,0,0,0,0,0,0,0,0,0,0,0
0,0,0,0,0,0,0,0,0,0,0,0,0,0,0,0,0,0,0,0,0,0,0,0,0,0,0,0,0,0,0,0,0,0,0,0,0,0,0,0,0,0,0,0,0,0,0,0,0,0,0,0,0,0,0,0,0,0,0,0,0,0,0,0,0,0,0,0,0,0,0,0,0,0,0,0,0.00908514684132685,0,0,0.00993027678005493,0,0,0.727234312275512,0,0,0,0.0431016268751321,0,0.0221846608916121,0,0,0,0,0.109233044580604,0,0,0,0,0,0,0,0,0,0,0,0,0.0331713500950771,0,0,0,0,0,0,0,0,0,0,0,0,0,0.00063384745404606,0,0,0,0.010352841749419,0,0,0.0350728924572153,0,0
0,0,0,0,0,0,0,0,0,0,0,0,0,0,0,0,0,0,0,0,0,0,0,0,0,0,0,0,0,0,0,0,0,0,0,0,0,0,0,0,0,0,0,0,0,0,0,0,0,0,0,0,0,0,0,0,0,0,0,0,0,0,0,0,0,0,0,0,0,0,0,0,0,0,0,0,0,0,0,0,0,0,0,0,0,0,0,0,0,0,0,0,0.0344082147360836,0.273824536119618,0,0,0,0,0,0,0.0160331471806882,0.02035669248784,0,0,0,0,0,0,0,0,0,0,0.65537740947577,0,0,0,0,0,0,0,0,0,0,0,0,0,0,0,0,0
0,0,0,0,0,0,0,0,0,0,0,0,0,0,0,0,0,0,0,0,0,0,0,0,0,0,0,0,0,0,0,0,0,0,0,0,0,0,0,0,0,0,0,0,0,0,0,0,0,0,0,0,0,0,0,0,0,0,0,0,0,0,0,0,0,0,0,0,0,0,0,0,0,0.392904073587385,0,0,0,0.0128120893561104,0,0,0,0.010293473499781,0,0,0,0,0,0,0,0,0.560884800700832,0,0,0,0,0,0,0,0,0,0,0,0,0,0,0.0231055628558914,0,0,0,0,0,0,0,0,0,0,0,0,0,0,0,0,0,0,0,0,0,0,0,0
0,0,0,0,0,0,0,0,0,0,0,0,0,0,0,0,0,0,0,0,0,0,0,0,0,0,0,0,0,0,0,0,0,0,0,0,0,0,0,0,0,0,0,0,0,0,0,0,0,0,0,0,0,0,0,0,0,0,0,0,0,0,0,0,0,0.104712041884817,0,0,0,0,0.891361256544503,0,0,0,0,0,0,0,0,0,0,0,0,0,0,0,0,0,0,0,0,0,0,0,0,0,0,0,0,0,0,0,0,0,0,0,0,0,0,0,0,0.00392670157068063,0,0,0,0,0,0,0,0,0,0,0,0,0,0,0,0,0,0
0,0,0,0,0,0,0,0,0,0,0,0,0,0,0,0,0,0,0,0,0,0,0,0,0,0,0,0,0,0,0,0,0,0,0,0,0,0,0,0,0,0,0,0,0,0,0,0,0,0,0,0,0,0,0,0,0,0,0,0,0,0,0,0,0,0,0,0,0,0,0.757264957264957,0,0,0,0,0,0,0.0635327635327635,0,0,0,0.039696106362773,0,0,0,0,0,0,0,0,0.00294396961063628,0,0,0,0,0,0,0,0,0,0,0,0,0,0.00322886989553656,0.00427350427350427,0,0,0,0,0,0,0,0,0,0,0.129059829059829,0,0,0,0,0,0,0,0,0,0,0,0,0
0,0,0,0,0,0,0,0,0,0,0,0,0,0,0,0,0,0,0,0,0,0,0,0,0,0,0,0,0,0,0,0,0,0,0,0,0,0,0,0,0,0,0,0,0,0,0,0,0,0,0,0,0,0,0,0,0,0,0,0,0,0,0,0,0,0,0,0,0,0,0.848809205244849,0,0,0,0,0,0,0,0,0,0,0,0,0,0,0,0.0125769333690126,0,0,0.138613861386139,0,0,0,0,0,0,0,0,0,0,0,0,0,0,0,0,0,0,0,0,0,0,0,0,0,0,0,0,0,0,0,0,0,0,0,0,0,0,0,0
0,0,0,0,0,0,0,0,0,0,0,0,0,0,0,0,0,0,0,0,0,0,0,0,0,0,0,0,0,0,0,0,0,0,0,0,0,0,0,0,0,0,0,0,0,0,0,0,0,0,0,0,0,0,0,0,0,0,0,0,0,0,0,0,0,0.495246326707001,0,0,0,0,0.142898300201671,0,0,0,0,0,0,0,0,0,0,0,0,0.169979832901181,0,0.000288101411696917,0.191299337366753,0,0,0,0,0,0,0,0,0,0,0,0,0,0,0,0,0,0,0,0,0,0,0,0,0.000288101411696917,0,0,0,0,0,0,0,0,0,0,0,0,0,0,0,0,0,0
0,0,0,0,0,0,0,0,0,0,0,0,0,0,0,0,0,0,0,0,0,0,0,0,0,0,0,0,0,0,0,0,0,0,0,0,0,0,0,0,0,0,0,0,0,0,0,0,0,0,0,0,0,0,0,0,0,0,0,0,0,0,0,0,0,0,0.11878612716763,0,0,0,0,0,0,0,0,0,0,0,0,0.00780346820809249,0,0,0,0.0528901734104046,0,0,0.78728323699422,0,0,0.0332369942196532,0,0,0,0,0,0,0,0,0,0,0,0,0,0,0,0,0,0,0,0,0,0,0,0,0,0,0,0,0,0,0,0,0,0,0,0,0,0,0,0
0,0,0,0,0,0,0,0,0,0,0,0,0,0,0,0,0,0,0,0,0,0,0,0,0,0,0,0,0,0,0,0,0,0,0,0,0,0,0,0,0,0,0,0,0,0,0,0,0,0,0,0,0,0,0,0,0,0,0,0,0,0,0,0,0,0,0,0,0,0,0,0,0,0,0,0,0,0,0,0.716599190283401,0,0,0.00780798149219202,0,0,0,0.08155002891845,0,0,0.132157316367843,0,0,0,0,0,0,0,0,0,0,0,0,0,0,0,0,0,0,0,0,0,0,0,0,0,0,0,0,0,0,0,0,0,0,0,0,0,0.0618854829381145,0,0
0,0,0,0,0,0,0,0,0,0,0,0,0,0,0,0,0,0,0,0,0,0,0,0,0,0,0,0,0,0,0,0,0,0,0,0,0,0,0,0,0,0,0,0,0,0,0,0,0,0,0,0,0,0,0,0,0,0,0,0,0,0,0,0,0,0,0.0268077601410935,0,0,0,0,0,0,0,0,0,0,0,0,0,0,0,0.054673721340388,0.0324514991181658,0,0,0.182010582010582,0,0.658553791887125,0,0,0,0,0,0,0,0,0,0,0,0,0,0,0,0,0,0.0380952380952381,0,0,0,0,0,0,0,0,0,0,0,0,0,0,0,0,0,0.00740740740740741,0,0,0,0,0
0,0,0,0,0,0,0,0,0,0,0,0,0,0,0,0,0,0,0,0,0,0,0,0,0,0,0,0,0,0,0,0,0,0,0,0,0,0,0,0,0,0,0,0,0,0,0,0,0,0,0,0,0,0,0,0,0,0,0,0,0,0,0,0,0,0,0,0,0,0,0,0,0,0,0,0,0,0,0,0,0,0,0,0.00106894708711919,0,0,0,0.0233030464991983,0.0528059861036879,0,0,0,0,0.561624799572421,0,0,0,0,0,0,0,0.0327097808658471,0,0,0,0,0,0,0,0,0,0,0.156600748262961,0.0203099946552646,0.0121859967931587,0,0,0,0,0,0,0,0,0.0904329235702833,0.0415820416889364,0.00737573490112239,0,0,0,0
0,0,0,0,0,0,0,0,0,0,0,0,0,0,0,0,0,0,0,0,0,0,0,0,0,0,0,0,0,0,0,0,0,0,0,0,0,0,0,0,0,0,0,0,0,0,0,0,0,0,0,0,0,0,0,0,0,0,0,0,0,0,0,0,0,0,0,0,0,0,0.818034644649506,0,0,0,0,0,0,0,0,0,0,0,0,0,0,0,0,0,0,0,0.0814311154282014,0,0,0,0,0,0,0,0,0,0,0,0,0,0.100534239922292,0,0,0,0,0,0,0,0,0,0,0,0,0,0,0,0,0,0,0,0,0,0,0,0,0
0,0,0,0,0,0,0,0,0,0,0,0,0,0,0,0,0,0,0,0,0,0,0,0,0,0,0,0,0,0,0,0,0,0,0,0,0,0,0,0,0,0,0,0,0,0,0,0,0,0,0,0,0,0,0,0,0,0,0,0,0,0,0,0,0,0,0,0,0,0.265041888804265,0.0158851049940159,0,0,0.0277445326950277,0,0,0,0.0177347405070177,0,0,0,0,0,0,0,0,0,0,0,0,0.448917419214449,0,0,0,0,0,0,0,0,0,0,0,0,0,0.0684365139810684,0,0,0,0,0.0785551082580786,0.0523338048090523,0,0,0,0,0,0,0,0,0,0,0,0.0253508867370254,0,0,0,0,0,0,0
0,0,0,0,0,0,0,0,0,0,0,0,0,0,0,0,0,0,0,0,0,0,0,0,0,0,0,0,0,0,0,0,0,0,0,0,0,0,0,0,0,0,0,0,0,0,0,0,0,0,0,0,0,0,0,0,0,0,0,0,0,0,0,0,0,0,0,0,0,0.90607210626186,0,0,0,0,0.0929791271347249,0,0,0,0,0,0,0,0,0,0,0,0,0,0,0,0,0,0,0,0,0,0,0,0,0,0,0,0,0,0,0,0,0,0,0.00094876660341556,0,0,0,0,0,0,0,0,0,0,0,0,0,0,0,0,0,0,0,0
0,0,0,0,0,0,0,0,0,0,0,0,0,0,0,0,0,0,0,0,0,0,0,0,0,0,0,0,0,0,0,0,0,0,0,0,0,0,0,0,0,0,0,0,0,0,0,0,0,0,0,0,0,0,0,0,0,0,0,0,0,0,0,0,0,0,0,0.0868596881959911,0,0,0,0,0,0,0.0044543429844098,0,0,0,0,0,0,0,0,0.0044543429844098,0,0.0244988864142539,0,0,0,0,0,0,0,0,0,0,0,0,0,0,0,0,0,0,0,0,0,0,0.552338530066815,0,0,0.32739420935412,0,0,0,0,0,0,0,0,0,0,0,0,0,0,0,0,0,0
0,0,0,0,0,0,0,0,0,0,0,0,0,0,0,0,0,0,0,0,0,0,0,0,0,0,0,0,0,0,0,0,0,0,0,0,0,0,0,0,0,0,0,0,0,0,0,0,0,0,0,0,0,0,0,0,0,0,0,0,0,0,0,0,0,0,0,0.26324870594035,0,0,0,0,0,0,0.00049297510475721,0,0,0,0,0,0,0,0,0,0,0.353216662558541,0,0,0,0,0,0,0,0,0,0,0,0,0,0,0,0,0.110179935913236,0,0,0,0,0,0.270643332511708,0,0,0.00221838797140744,0,0,0,0,0,0,0,0,0,0,0,0,0,0,0,0,0,0
0,0,0,0,0,0,0,0,0,0,0,0,0,0,0,0,0,0,0,0,0,0,0,0,0,0,0,0,0,0,0,0,0,0,0,0,0,0,0,0,0,0,0,0,0,0,0,0,0,0,0,0,0,0,0,0,0,0,0,0,0,0,0,0,0,0,0,0,0,0,0,0,0,0,1,0,0,0,0,0,0,0,0,0,0,0,0,0,0,0,0,0,0,0,0,0,0,0,0,0,0,0,0,0,0,0,0,0,0,0,0,0,0,0,0,0,0,0,0,0,0,0,0,0,0,0,0,0,0,0
0,0,0,0,0,0,0,0,0,0,0,0,0,0,0,0,0,0,0,0,0,0,0,0,0,0,0,0,0,0,0,0,0,0,0,0,0,0,0,0,0,0,0,0,0,0,0,0,0,0,0,0,0,0,0,0,0,0,0,0,0,0,0,0,0,0,0,0,0,0,0,0,0,0,0.994296994955034,0,0,0,0,0,0,0,0,0,0,0,0,0,0,0,0,0,0,0,0,0,0,0,0,0,0,0,0,0,0,0,0,0,0,0,0,0,0,0,0,0,0,0,0,0,0,0,0,0,0,0,0,0,0,0.005703005044966
0,0,0,0,0,0,0,0,0,0,0,0,0,0,0,0,0,0,0,0,0,0,0,0,0,0,0,0,0,0,0,0,0,0,0,0,0,0,0,0,0,0,0,0,0,0,0,0,0,0,0,0,0,0,0,0,0,0,0,0,0,0,0,0,0,0,0,0,0,0,0,0,0,0,0.929342105263158,0,0,0,0,0,0,0,0,0,0,0,0,0,0,0,0,0,0,0,0,0,0,0,0,0,0,0,0,0,0,0,0,0,0.0706578947368421,0,0,0,0,0,0,0,0,0,0,0,0,0,0,0,0,0,0,0,0,0
0,0,0,0,0,0,0,0,0,0,0,0,0,0,0,0,0,0,0,0,0,0,0,0,0,0,0,0,0,0,0,0,0,0,0,0,0,0,0,0,0,0,0,0,0,0,0,0,0,0,0,0,0,0,0,0,0,0,0,0,0,0,0,0,0,0,0,0,0,0,0,0,0,0,0.918890742285238,0,0,0,0,0,0,0,0,0,0,0,0,0,0,0,0,0,0,0,0,0,0,0.0456630525437865,0,0,0,0,0,0,0,0,0,0,0,0,0.0308590492076731,0,0,0,0,0,0,0,0,0,0,0,0,0,0,0,0,0,0,0.00458715596330275
0,0,0,0,0,0,0,0,0,0,0,0,0,0,0,0,0,0,0,0,0,0,0,0,0,0,0,0,0,0,0,0,0,0,0,0,0,0,0,0,0,0,0,0,0,0,0,0,0,0,0,0,0,0,0,0,0,0,0,0,0,0,0,0,0,0,0,0,0,0,0,0.072473584394473,0,0,0.844486589000271,0,0,0,0,0,0,0,0,0,0,0,0,0,0,0,0,0,0,0,0,0,0,0.083039826605256,0,0,0,0,0,0,0,0,0,0,0,0,0,0,0,0,0,0,0,0,0,0,0,0,0,0,0,0,0,0,0,0
0,0,0,0,0,0,0,0,0,0,0,0,0,0,0,0,0,0,0,0,0,0,0,0,0,0,0,0,0,0,0,0,0,0,0,0,0,0,0,0,0,0,0,0,0,0,0,0,0,0,0,0,0,0,0,0,0,0,0,0,0,0,0,0,0,0,0,0,0,0,0,0,0,0,0.998283098054178,0,0,0,0,0,0,0,0,0,0,0,0,0,0,0,0,0,0,0,0,0,0,0,0.00171690194582221,0,0,0,0,0,0,0,0,0,0,0,0,0,0,0,0,0,0,0,0,0,0,0,0,0,0,0,0,0,0,0
0,0,0,0,0,0,0,0,0,0,0,0,0,0,0,0,0,0,0,0,0,0,0,0,0,0,0,0,0,0,0,0,0,0,0,0,0,0,0,0,0,0,0,0,0,0,0,0,0,0,0,0,0,0,0,0,0,0,0,0,0,0,0,0,0,0,0,0,0.102137537479447,0,0,0,0,0,0.455266466776284,0,0,0,0,0,0,0,0,0,0,0.289776574136764,0,0,0,0,0,0,0,0,0,0,0,0,0,0,0,0,0,0,0,0,0,0,0.14343746977464,0,0,0,0,0,0,0,0,0,0,0,0,0,0,0,0,0,0,0,0.00938195183286585,0
0,0,0,0,0,0,0,0,0,0,0,0,0,0,0,0,0,0,0,0,0,0,0,0,0,0,0,0,0,0,0,0,0,0,0,0,0,0,0,0,0,0,0,0,0,0,0,0,0,0,0,0,0,0,0,0,0,0,0,0,0,0,0,0,0,0,0,0,0,0,0,0,0,0.699691991786448,0,0,0,0,0,0,0,0,0,0,0,0,0,0,0,0,0,0,0.00983915126625599,0,0,0,0,0.0207049965776865,0,0,0.266769336071184,0,0,0,0,0,0,0,0,0,0,0,0.00299452429842574,0,0,0,0,0,0,0,0,0,0,0,0,0,0,0,0,0
0,0,0,0,0,0,0,0,0,0,0,0,0,0,0,0,0,0,0,0,0,0,0,0,0,0,0,0,0,0,0,0,0,0,0,0,0,0,0,0,0,0,0,0,0,0,0,0,0,0,0,0,0,0,0,0,0,0,0,0,0,0,0,0,0,0,0,0,0,0,0,0,0,0.176385224274406,0.0699208443271768,0.0854881266490765,0,0,0,0,0,0,0,0,0,0,0,0,0,0,0,0,0,0,0,0,0,0.63245382585752,0,0,0,0,0,0,0,0,0,0,0,0,0.0357519788918206,0,0,0,0,0,0,0,0,0,0,0,0,0,0,0,0,0,0,0
0,0,0,0,0,0,0,0,0,0,0,0,0,0,0,0,0,0,0,0,0,0,0,0,0,0,0,0,0,0,0,0,0,0,0,0,0,0,0,0,0,0,0,0,0,0,0,0,0,0,0,0,0,0,0,0,0,0,0,0,0,0,0,0,0,0,0,0,0,0,0,0,0,0.00179759122775481,0,0.520043142189466,0,0,0,0,0,0,0,0,0,0,0,0,0,0,0,0,0.0355923063095452,0,0,0,0,0.133381269099407,0,0,0,0,0,0,0,0,0,0,0,0,0,0,0,0,0,0,0,0,0.284558691353586,0,0,0,0,0,0,0,0.0246269998202409,0,0,0
0,0,0,0,0,0,0,0,0,0,0,0,0,0,0,0,0,0,0,0,0,0,0,0,0,0,0,0,0,0,0,0,0,0,0,0,0,0,0,0,0,0,0,0,0,0,0,0,0,0,0,0,0,0,0,0,0,0,0,0,0,0,0,0,0,0,0,0,0,0,0,0,0,0.00950066283694211,0,0.000773309765797614,0,0,0,0,0,0,0,0,0,0,0,0,0,0,0,0,0.658638974812196,0,0,0,0,0.217852408307556,0,0,0,0,0,0,0,0,0,0,0,0,0,0,0.0347989394608926,0,0,0,0,0,0,0,0,0,0,0,0,0,0.0784357048166151,0,0,0
0,0,0,0,0,0,0,0,0,0,0,0,0,0,0,0,0,0,0,0,0,0,0,0,0,0,0,0,0,0,0,0,0,0,0,0,0,0,0,0,0,0,0,0,0,0,0,0,0,0,0,0,0,0,0,0,0,0,0,0,0,0,0,0,0,0,0,0,0,0,0,0.562984101100693,0,0,0,0.161706753635005,0,0,0,0,0,0,0,0,0,0,0,0,0,0,0,0,0.0592471803234135,0,0,0,0,0.0501426824296779,0,0,0,0,0,0.00353308873488246,0,0,0,0,0,0,0,0,0,0,0,0,0,0,0.162386193776328,0,0,0,0,0,0,0,0,0,0,0
0,0,0,0,0,0,0,0,0,0,0,0,0,0,0,0,0,0,0,0,0,0,0,0,0,0,0,0,0,0,0,0,0,0,0,0,0,0,0,0,0,0,0,0,0,0,0,0,0,0,0,0,0,0,0,0,0,0,0,0,0,0,0,0,0,0,0,0,0,0.386617842876165,0,0,0,0.0350199733688415,0.088814913448735,0,0,0,0,0,0,0,0,0,0,0,0,0,0,0,0.0104527296937417,0,0,0,0,0,0,0.241078561917443,0,0,0,0,0,0,0,0,0,0,0,0,0.208854860186418,0,0,0,0,0,0,0,0,0,0,0,0,0,0,0,0,0,0,0.0291611185086551
0,0,0,0,0,0,0,0,0,0,0,0,0,0,0,0,0,0,0,0,0,0,0,0,0,0,0,0,0,0,0,0,0,0,0,0,0,0,0,0,0,0,0,0,0,0,0,0,0,0,0,0,0,0,0,0,0,0,0,0,0,0,0,0,0,0,0,0,0,0,0,0,0,0.772792362768496,0,0,0,0,0,0,0,0,0,0,0,0,0,0,0,0,0.21909307875895,0,0,0,0,0,0,0,0,0,0,0,0,0,0,0,0,0,0,0,0.0081145584725537,0,0,0,0,0,0,0,0,0,0,0,0,0,0,0,0,0,0,0
0,0,0,0,0,0,0,0,0,0,0,0,0,0,0,0,0,0,0,0,0,0,0,0,0,0,0,0,0,0,0,0,0,0,0,0,0,0,0,0,0,0,0,0,0,0,0,0,0,0,0,0,0,0,0,0,0,0,0,0,0,0,0,0,0,0,0,0,0,0,0,0,0,0,0,0,0,0,0,0,0,0,0,0,0,0,0,0,0,0,0,0,0,0,0,0,0,0,0,0,0,0,0,0,0,0,0,0,0,0,0,0,1,0,0,0,0,0,0,0,0,0,0,0,0,0,0,0,0,0
0,0,0,0,0,0,0,0,0,0,0,0,0,0,0,0,0,0,0,0,0,0,0,0,0,0,0,0,0,0,0,0,0,0,0,0,0,0,0,0,0,0,0,0,0,0,0,0,0,0,0,0,0,0,0,0,0,0,0,0,0,0,0,0,0,0,0,0,0,0,0,0.000518249796401866,0.0165099577996594,0,0,0,0,0,0,0,0,0,0,0,0.230028873917228,0,0,0.0103649959280373,0,0,0,0,0.0995779965943585,0,0,0,0,0,0,0,0,0,0,0.00533056933441919,0,0,0,0,0,0,0,0,0.568445990967646,0.0601169763826164,0,0,0,0,0,0,0,0,0,0.00910638927963278,0,0,0,0,0,0
0,0,0,0,0,0,0,0,0,0,0,0,0,0,0,0,0,0,0,0,0,0,0,0,0,0,0,0,0,0,0,0,0,0,0,0,0,0,0,0,0,0,0,0,0,0,0,0,0,0,0,0,0,0,0,0,0,0,0,0,0,0,0,0,0,0,0,0,0,0,0,0,0.000122714443489999,0,0,0,0,0,0,0,0,0,0,0,0.0722788072156093,0,0,0.370229476009326,0,0,0,0,0,0,0,0.0909314026260891,0,0,0,0,0,0,0.360903178304086,0,0,0,0,0,0,0,0,0,0.0597619339796294,0.0214750276107498,0,0,0,0,0,0,0,0,0,0.0242974598110198,0,0,0,0,0,0
0,0,0,0,0,0,0,0,0,0,0,0,0,0,0,0,0,0,0,0,0,0,0,0,0,0,0,0,0,0,0,0,0,0,0,0,0,0,0,0,0,0,0,0,0,0,0,0,0,0,0,0,0,0,0,0,0,0,0,0,0,0,0,0,0,0,0,0,0.0121151820203676,0,0,0.0340629755355262,0.400854500760857,0,0.0427835654922158,0,0,0,0.0733348940653166,0,0,0,0,0,0.192028561395294,0.0065550743298607,0,0,0,0,0,0,0.00503336064614304,0,0,0,0,0,0.0393304459791642,0,0,0,0.0355846892192438,0.15269811541613,0,0,0,0,0,0,0,0,0,0,0,0.0056186351398806,0,0,0,0,0,0,0,0,0,0,0,0,0,0
0,0,0,0,0,0,0,0,0,0,0,0,0,0,0,0,0,0,0,0,0,0,0,0,0,0,0,0,0,0,0,0,0,0,0,0,0,0,0,0,0,0,0,0,0,0,0,0,0,0,0,0,0,0,0,0,0,0,0,0,0,0,0,0,0,0,0,0,0,0,0,0,0.0145809966351546,0,0,0,0,0,0,0,0,0,0,0,0,0.061368370453453,0,0,0,0,0,0,0,0,0,0,0,0,0,0,0,0,0.924050632911392,0,0,0,0,0,0,0,0,0,0,0,0,0,0,0,0,0,0,0,0,0,0,0,0,0,0,0
0,0,0,0,0,0,0,0,0,0,0,0,0,0,0,0,0,0,0,0,0,0,0,0,0,0,0,0,0,0,0,0,0,0,0,0,0,0,0,0,0,0,0,0,0,0,0,0,0,0,0,0,0,0,0,0,0,0,0,0,0,0,0,0,0,0,0,0,0.291648198568986,0,0,0,0.0606597859811309,0,0.0146267333628823,0,0,0,0.163173557905401,0,0,0,0,0,0,0.308301146077376,0,0,0,0,0,0,0,0,0,0,0,0,0.0861141011840689,0,0,0,0.0378015576521244,0,0,0,0,0,0,0,0,0,0,0,0,0.0333058950167796,0,0,0,0,0,0,0,0,0,0,0,0,0.00436902425125055,0
