0,0.335830212234707,0,0,0,0,0,0,0,0,0,0,0,0,0,0,0,0,0.488139825218477,0,0.176029962546816,0,0,0,0,0,0,0,0,0,0,0,0,0,0,0,0,0,0,0,0,0,0,0,0,0,0,0,0,0
0,0,0,0,0,0.0488237905015535,0.00221926320461607,0,0,0,0,0,0,0,0,0,0,0,0,0.94895694629383,0,0,0,0,0,0,0,0,0,0,0,0,0,0,0,0,0,0,0,0,0,0,0,0,0,0,0,0,0,0
0,0,0,0,0,0.255174512987013,0,0.0163352272727273,0,0,0,0.589488636363636,0,0,0,0,0,0,0,0.139001623376623,0,0,0,0,0,0,0,0,0,0,0,0,0,0,0,0,0,0,0,0,0,0,0,0,0,0,0,0,0,0
0,0,0,0,0,0,0,0,0,0.316362646338143,0,0,0,0.683637353661857,0,0,0,0,0,0,0,0,0,0,0,0,0,0,0,0,0,0,0,0,0,0,0,0,0,0,0,0,0,0,0,0,0,0,0,0
0,0,0,0,0,0,1,0,0,0,0,0,0,0,0,0,0,0,0,0,0,0,0,0,0,0,0,0,0,0,0,0,0,0,0,0,0,0,0,0,0,0,0,0,0,0,0,0,0,0
0,0.0262008733624454,0,0,0,0,0.124090247452693,0,0,0.160480349344978,0,0,0,0,0,0,0,0.689228529839884,0,0,0,0,0,0,0,0,0,0,0,0,0,0,0,0,0,0,0,0,0,0,0,0,0,0,0,0,0,0,0,0
0,0,0,0,0,0,0.966734456711214,0,0,0.0267286461359675,0,0,0,0,0,0,0,0.00653689715281813,0,0,0,0,0,0,0,0,0,0,0,0,0,0,0,0,0,0,0,0,0,0,0,0,0,0,0,0,0,0,0,0
0,0.299617368158376,0,0,0,0,0,0,0,0,0,0,0.154383630011645,0.0153052736649476,0,0,0,0.0409249708867077,0,0,0,0,0.450341041424056,0.0394277158542672,0,0,0,0,0,0,0,0,0,0,0,0,0,0,0,0,0,0,0,0,0,0,0,0,0,0
0.196263736263736,0.0163736263736264,0,0,0,0,0,0,0.0482417582417582,0,0,0,0.358571428571429,0,0,0,0,0,0,0,0,0,0.0425274725274725,0.338021978021978,0,0,0,0,0,0,0,0,0,0,0,0,0,0,0,0,0,0,0,0,0,0,0,0,0,0
0,0,0,0,0,0,0.906976744186046,0,0,0,0,0,0,0,0,0,0,0,0.0930232558139535,0,0,0,0,0,0,0,0,0,0,0,0,0,0,0,0,0,0,0,0,0,0,0,0,0,0,0,0,0,0,0
0,0.726582878823808,0,0,0,0,0.201446525966327,0,0,0,0,0,0,0,0,0,0,0.0272705714963244,0.0447000237135404,0,0,0,0,0,0,0,0,0,0,0,0,0,0,0,0,0,0,0,0,0,0,0,0,0,0,0,0,0,0,0
0,0,0,0,0,0,0.0408594575554773,0,0,0.039098274040155,0,0,0,0,0,0,0,0,0,0,0,0,0,0,0.920042268404368,0,0,0,0,0,0,0,0,0,0,0,0,0,0,0,0,0,0,0,0,0,0,0,0,0
0,0,0.407678244972578,0,0,0,0,0,0,0.00411334552102377,0,0,0,0.524223034734918,0,0,0,0.0639853747714808,0,0,0,0,0,0,0,0,0,0,0,0,0,0,0,0,0,0,0,0,0,0,0,0,0,0,0,0,0,0,0,0
0,0.000729128691213999,0.314497508810305,0,0,0,0,0,0,0,0,0,0,0.00716976546360433,0,0,0,0.677603597034877,0,0,0,0,0,0,0,0,0,0,0,0,0,0,0,0,0,0,0,0,0,0,0,0,0,0,0,0,0,0,0,0
0,0,0,0,0,0,0.781674876847291,0,0,0,0,0.0336945812807882,0,0,0,0,0.184630541871921,0,0,0,0,0,0,0,0,0,0,0,0,0,0,0,0,0,0,0,0,0,0,0,0,0,0,0,0,0,0,0,0,0
0,0,0,0,0,0,1,0,0,0,0,0,0,0,0,0,0,0,0,0,0,0,0,0,0,0,0,0,0,0,0,0,0,0,0,0,0,0,0,0,0,0,0,0,0,0,0,0,0,0
0,0,0.0224601175482788,0,0,0,0,0,0,0.971872376154492,0,0,0,0,0,0,0,0.00566750629722922,0,0,0,0,0,0,0,0,0,0,0,0,0,0,0,0,0,0,0,0,0,0,0,0,0,0,0,0,0,0,0,0
0,0,0,0,0,0,0.0681472467295406,0,0,0.931852753270459,0,0,0,0,0,0,0,0,0,0,0,0,0,0,0,0,0,0,0,0,0,0,0,0,0,0,0,0,0,0,0,0,0,0,0,0,0,0,0,0
0,0,0,0,0,0.494112951506685,0.505887048493315,0,0,0,0,0,0,0,0,0,0,0,0,0,0,0,0,0,0,0,0,0,0,0,0,0,0,0,0,0,0,0,0,0,0,0,0,0,0,0,0,0,0,0
0,0.428402541746712,0,0,0,0,0,0,0,0,0,0,0,0,0,0,0,0.0121176296734151,0.559479828579873,0,0,0,0,0,0,0,0,0,0,0,0,0,0,0,0,0,0,0,0,0,0,0,0,0,0,0,0,0,0,0
0,0,0,0,0,0,0,0,0,0,0,0,0,0,0,0,0,0,1,0,0,0,0,0,0,0,0,0,0,0,0,0,0,0,0,0,0,0,0,0,0,0,0,0,0,0,0,0,0,0
0,0,0,0,0,0,1,0,0,0,0,0,0,0,0,0,0,0,0,0,0,0,0,0,0,0,0,0,0,0,0,0,0,0,0,0,0,0,0,0,0,0,0,0,0,0,0,0,0,0
0,0,0,0,0,0,0,0,0,0,0.877491694352159,0,0,0,0.00415282392026578,0,0,0,0,0.118355481727575,0,0,0,0,0,0,0,0,0,0,0,0,0,0,0,0,0,0,0,0,0,0,0,0,0,0,0,0,0,0
0,0,0,0,0,0,0,0,0,0,0,0.521985198084458,0,0,0,0,0.478014801915542,0,0,0,0,0,0,0,0,0,0,0,0,0,0,0,0,0,0,0,0,0,0,0,0,0,0,0,0,0,0,0,0,0
0,0,0,0,0,0,0.0841493268053856,0,0,0,0,0.915850673194614,0,0,0,0,0,0,0,0,0,0,0,0,0,0,0,0,0,0,0,0,0,0,0,0,0,0,0,0,0,0,0,0,0,0,0,0,0,0
0,0,0,0,0,0,0,0,0,0,0,0.853992395437262,0,0,0,0,0.146007604562738,0,0,0,0,0,0,0,0,0,0,0,0,0,0,0,0,0,0,0,0,0,0,0,0,0,0,0,0,0,0,0,0,0
0,0,0.0291734197730956,0,0,0,0,0,0,0.970826580226904,0,0,0,0,0,0,0,0,0,0,0,0,0,0,0,0,0,0,0,0,0,0,0,0,0,0,0,0,0,0,0,0,0,0,0,0,0,0,0,0
0,0,0,0,0,0,0,0,0,0,0.873477038425492,0,0,0,0,0,0,0,0,0,0,0.126522961574508,0,0,0,0,0,0,0,0,0,0,0,0,0,0,0,0,0,0,0,0,0,0,0,0,0,0,0,0
0,0,0,0.0434199946395068,0.00348432055749129,0,0,0,0,0,0,0,0,0,0,0.00536049316537121,0,0,0,0,0,0.947735191637631,0,0,0,0,0,0,0,0,0,0,0,0,0,0,0,0,0,0,0,0,0,0,0,0,0,0,0,0
0,0,0,0.370443349753695,0,0,0,0,0,0,0,0,0,0,0,0.0812807881773399,0.0681444991789819,0,0,0,0.291789819376026,0.188341543513957,0,0,0,0,0,0,0,0,0,0,0,0,0,0,0,0,0,0,0,0,0,0,0,0,0,0,0,0
0,0,0,0,0,0,0,0,0,0,0,0,0,0,0.0736564299424184,0,0,0,0,0.622840690978887,0,0,0,0,0.303502879078695,0,0,0,0,0,0,0,0,0,0,0,0,0,0,0,0,0,0,0,0,0,0,0,0,0
0,0,0,0,0,0,0,0,0,0,0.725911708253359,0,0,0,0,0,0,0,0,0.26257197696737,0,0.0115163147792706,0,0,0,0,0,0,0,0,0,0,0,0,0,0,0,0,0,0,0,0,0,0,0,0,0,0,0,0
0,0,0,0.00364885168491093,0,0,0,0,0,0,0.15625670744795,0,0,0,0,0,0,0,0,0.185232882592831,0,0.654861558274308,0,0,0,0,0,0,0,0,0,0,0,0,0,0,0,0,0,0,0,0,0,0,0,0,0,0,0,0
0,0,0,0.409981708910374,0,0,0,0,0,0,0,0.0433760125424615,0,0,0,0,0.185262607786778,0,0,0.355892343872485,0,0.00548732688790175,0,0,0,0,0,0,0,0,0,0,0,0,0,0,0,0,0,0,0,0,0,0,0,0,0,0,0,0
0,0,0,0.0798981378322457,0,0,0,0,0,0,0,0.0894477160592074,0,0,0,0,0.830654146108547,0,0,0,0,0,0,0,0,0,0,0,0,0,0,0,0,0,0,0,0,0,0,0,0,0,0,0,0,0,0,0,0,0
0,0,0,0,0,0,0,0,0,0,0.088604898828541,0,0,0,0.762939297124601,0,0,0,0,0.00362087326943557,0,0,0,0,0.144834930777423,0,0,0,0,0,0,0,0,0,0,0,0,0,0,0,0,0,0,0,0,0,0,0,0,0
0,0,0,0,0,0,0,0,0,0.124442838212264,0,0,0,0.0134923503192386,0.248042404529575,0,0,0,0,0,0,0,0,0,0.614022406938923,0,0,0,0,0,0,0,0,0,0,0,0,0,0,0,0,0,0,0,0,0,0,0,0,0
0,0,0,0,0,0.797935564591805,0.186111979981232,0,0,0,0,0,0,0,0,0,0,0,0,0.0159524554269628,0,0,0,0,0,0,0,0,0,0,0,0,0,0,0,0,0,0,0,0,0,0,0,0,0,0,0,0,0,0
0,0,0,0,0,0.0302507629030118,0,0.619344566803768,0,0,0,0.35040467029322,0,0,0,0,0,0,0,0,0,0,0,0,0,0,0,0,0,0,0,0,0,0,0,0,0,0,0,0,0,0,0,0,0,0,0,0,0,0
0,0,0,0,0,0.211698801459093,0,0.732673267326733,0,0,0,0.0556279312141741,0,0,0,0,0,0,0,0,0,0,0,0,0,0,0,0,0,0,0,0,0,0,0,0,0,0,0,0,0,0,0,0,0,0,0,0,0,0
0,0,0,0,0,0.106568465353976,0.131068690816173,0.504584398015933,0,0,0,0.257778445813919,0,0,0,0,0,0,0,0,0,0,0,0,0,0,0,0,0,0,0,0,0,0,0,0,0,0,0,0,0,0,0,0,0,0,0,0,0,0
0,0,0,0,0,0.999521225662305,0,0,0,0,0,0,0,0,0,0,0,0,0,0.0004787743376955,0,0,0,0,0,0,0,0,0,0,0,0,0,0,0,0,0,0,0,0,0,0,0,0,0,0,0,0,0,0
0,0,0,0,0,0.890296460754865,0,0,0,0,0,0,0,0,0,0,0,0,0,0.109703539245135,0,0,0,0,0,0,0,0,0,0,0,0,0,0,0,0,0,0,0,0,0,0,0,0,0,0,0,0,0,0
0,0,0,0,0,0.752807586723234,0,0.0106064387322186,0,0,0,0,0,0,0,0,0,0,0,0.236585974544547,0,0,0,0,0,0,0,0,0,0,0,0,0,0,0,0,0,0,0,0,0,0,0,0,0,0,0,0,0,0
0,0,0,0,0,0.203089389718916,0,0,0,0,0.0914999577952224,0,0,0,0,0,0,0,0,0.705410652485861,0,0,0,0,0,0,0,0,0,0,0,0,0,0,0,0,0,0,0,0,0,0,0,0,0,0,0,0,0,0
0,0,0,0,0.642827181208054,0,0,0,0.00734060402684564,0,0.191275167785235,0,0,0,0.105494966442953,0.000838926174496644,0,0,0,0,0,0.0522231543624161,0,0,0,0,0,0,0,0,0,0,0,0,0,0,0,0,0,0,0,0,0,0,0,0,0,0,0,0
0,0,0,0,0.624220987030487,0,0,0,0.113862219976419,0,0,0,0,0,0.137948458817585,0,0,0,0,0,0,0,0.12396833417551,0,0,0,0,0,0,0,0,0,0,0,0,0,0,0,0,0,0,0,0,0,0,0,0,0,0,0
0,0,0,0,0.0303653329115926,0,0,0,0,0,0,0,0,0.528230270441246,0.143444567452159,0,0,0,0,0,0,0,0.297959829195002,0,0,0,0,0,0,0,0,0,0,0,0,0,0,0,0,0,0,0,0,0,0,0,0,0,0,0
0,0,0,0,0,0,0,0,0,0,0,0,0,0,0,0,0,0,0.018042399639152,0,0.97000451059991,0,0,0.0119530897609382,0,0,0,0,0,0,0,0,0,0,0,0,0,0,0,0,0,0,0,0,0,0,0,0,0,0
0,0,0,0,0,0,0.16396091405709,0,0,0,0,0,0,0,0,0,0.030391628837424,0,0.430868661998923,0,0.374778795106563,0,0,0,0,0,0,0,0,0,0,0,0,0,0,0,0,0,0,0,0,0,0,0,0,0,0,0,0,0
0,0,0,0,0,0,0,0,0,0,0,0,0,0,0,0.695085714285714,0,0,0,0,0.304914285714286,0,0,0,0,0,0,0,0,0,0,0,0,0,0,0,0,0,0,0,0,0,0,0,0,0,0,0,0,0
0.180945716285114,0.00229931020693792,0,0,0.00269919024292712,0,0,0,0.216834949515145,0,0,0,0,0,0,0.420173947815655,0,0,0,0,0.0364890532840148,9.99700089973008e-05,0,0.140457862641208,0,0,0,0,0,0,0,0,0,0,0,0,0,0,0,0,0,0,0,0,0,0,0,0,0,0
0,0,0,0,0,0.760199004975124,0.239800995024876,0,0,0,0,0,0,0,0,0,0,0,0,0,0,0,0,0,0,0,0,0,0,0,0,0,0,0,0,0,0,0,0,0,0,0,0,0,0,0,0,0,0,0
0,0,0,0,0,0,0.85319387373926,0,0,0,0,0,0,0,0,0,0,0,0.14680612626074,0,0,0,0,0,0,0,0,0,0,0,0,0,0,0,0,0,0,0,0,0,0,0,0,0,0,0,0,0,0,0
0,0,0,0,0,0,0,0,0,0,0,0,0,0,0,0,0,0,0,0,1,0,0,0,0,0,0,0,0,0,0,0,0,0,0,0,0,0,0,0,0,0,0,0,0,0,0,0,0,0
0,0,0,0,0,0,0.0203242196951367,0,0,0,0,0,0,0,0,0,0.671425114928623,0,0,0,0.30825066537624,0,0,0,0,0,0,0,0,0,0,0,0,0,0,0,0,0,0,0,0,0,0,0,0,0,0,0,0,0
0,0,0,0,0,0,0.119912259322447,0,0,0,0,0,0,0,0,0,0.880087740677553,0,0,0,0,0,0,0,0,0,0,0,0,0,0,0,0,0,0,0,0,0,0,0,0,0,0,0,0,0,0,0,0,0
0,0,0,0,0,0,0,0,0,0,0,0,0,0,0,0,0,0,0,0,0,0,0,0,0,0,0,0.715112075198843,0,0,0,0,0,0,0,0,0,0,0,0,0,0,0,0,0,0.284887924801157,0,0,0,0
0,0,0,0,0,0,0,0,0,0,0,0,0,0,0,0,0,0,0,0,0,0,0,0,0,0.774785801713586,0,0,0,0,0,0,0,0,0,0,0,0.225214198286414,0,0,0,0,0,0,0,0,0,0,0,0
0,0,0,0,0,0,0,0,0,0,0,0,0,0,0,0,0,0,0,0,0,0,0,0,0,0.126883340507964,0.000538097287989669,0,0,0,0,0,0,0.505165733964701,0,0,0.00139905294877314,0,0,0,0,0,0,0.366013775290573,0,0,0,0,0,0
0,0,0,0,0,0,0,0,0,0,0,0,0,0,0,0,0,0,0,0,0,0,0,0,0,0,0,0,0,0,0.429758713136729,0,0,0,0.569973190348525,0,0,0,0,0,0,0,0,0,0,0,0.000268096514745308,0,0,0
0,0,0,0,0,0,0,0,0,0,0,0,0,0,0,0,0,0,0,0,0,0,0,0,0,0,0,0,0,0,0,0,0,0,0,0,0,0,0,0,1,0,0,0,0,0,0,0,0,0
0,0,0,0,0,0,0,0,0,0,0,0,0,0,0,0,0,0,0,0,0,0,0,0,0,0,0,0,0,0,0,0,0,0,0.160141685309471,0,0,0,0,0.816368381804623,0.023489932885906,0,0,0,0,0,0,0,0,0
0,0,0,0,0,0,0,0,0,0,0,0,0,0,0,0,0,0,0,0,0,0,0,0,0,0,0,0,0,0,0,0,0,0,0.00737693289828344,0,0,0,0,0.058164278621081,0.934458788480636,0,0,0,0,0,0,0,0,0
0,0,0,0,0,0,0,0,0,0,0,0,0,0,0,0,0,0,0,0,0,0,0,0,0,0,0,0.0929989550679206,0,0.0719510374682788,0,0,0,0,0,0.469025227645917,0,0,0,0,0,0.363785639647709,0.00223914017017465,0,0,0,0,0,0,0
0,0,0,0,0,0,0,0,0,0,0,0,0,0,0,0,0,0,0,0,0,0,0,0,0,0,0,0,0,0,0,0,0,0,0,0.227617291538619,0,0,0,0,0,0.27740217168613,0.0249948780987503,0,0,0,0,0,0.469985658676501,0
0,0,0,0,0,0,0,0,0,0,0,0,0,0,0,0,0,0,0,0,0,0,0,0,0,0,0,0.18512585812357,0,0,0.209153318077803,0,0,0,0,0.0517162471395881,0,0,0,0.146224256292906,0,0,0.0402745995423341,0,0,0,0,0,0.367505720823799,0
0,0,0,0,0,0,0,0,0,0,0,0,0,0,0,0,0,0,0,0,0,0,0,0,0,0,0,0,0,0,0,0,0,0,0,0,0,0,0,0,1,0,0,0,0,0,0,0,0,0
0,0,0,0,0,0,0,0,0,0,0,0,0,0,0,0,0,0,0,0,0,0,0,0,0,0,0,0.114425162689805,0,0,0,0,0,0,0,0,0,0,0,0.503118221258134,0.382456616052061,0,0,0,0,0,0,0,0,0
0,0,0,0,0,0,0,0,0,0,0,0,0,0,0,0,0,0,0,0,0,0,0,0,0,0,0,0,0,0,0,0,0,0,0.0567973616709417,0,0,0,0,0,0.0300476364968853,0,0,0,0,0,0,0.913155001832173,0,0
0,0,0,0,0,0,0,0,0,0,0,0,0,0,0,0,0,0,0,0,0,0,0,0,0,0,0,0,0,0,0.580777589954117,0,0,0,0,0,0,0,0,0,0,0,0,0,0,0,0.419222410045883,0,0,0
0,0,0,0,0,0,0,0,0,0,0,0,0,0,0,0,0,0,0,0,0,0,0,0,0,0,0,0,0,0,0.0746618575293057,0,0,0,0.0559062218214608,0,0,0,0,0.161947700631199,0,0,0,0,0,0,0.707484220018034,0,0,0
0,0,0,0,0,0,0,0,0,0,0,0,0,0,0,0,0,0,0,0,0,0,0,0,0,0,0,0,0,0,0.00774443368828654,0,0,0,0,0,0,0,0,0.992255566311713,0,0,0,0,0,0,0,0,0,0
0,0,0,0,0,0,0,0,0,0,0,0,0,0,0,0,0,0,0,0,0,0,0,0,0,0,0,0,0,0,0,0,0,0,0,0,0.0251078854452727,0.974892114554727,0,0,0,0,0,0,0,0,0,0,0,0
0,0,0,0,0,0,0,0,0,0,0,0,0,0,0,0,0,0,0,0,0,0,0,0,0,0,0,0,0,0,0,0,0,0,0,0,0,1,0,0,0,0,0,0,0,0,0,0,0,0
0,0,0,0,0,0,0,0,0,0,0,0,0,0,0,0,0,0,0,0,0,0,0,0,0,0,0,0,0,0,0,0,0,0,0.958743052586575,0,0,0,0,0,0,0,0,0,0,0,0.0412569474134245,0,0,0
0,0,0,0,0,0,0,0,0,0,0,0,0,0,0,0,0,0,0,0,0,0,0,0,0,0,0,0,0,0,0,0,0,0,0.99167776298269,0,0,0,0,0,0.00832223701731025,0,0,0,0,0,0,0,0,0
0,0,0,0,0,0,0,0,0,0,0,0,0,0,0,0,0,0,0,0,0,0,0,0,0,0,0,0,0,0,0,0,0,0,0,0,0,1,0,0,0,0,0,0,0,0,0,0,0,0
0,0,0,0,0,0,0,0,0,0,0,0,0,0,0,0,0,0,0,0,0,0,0,0,0,0,0,0,0,0,0,0,0,0,0,0,0,1,0,0,0,0,0,0,0,0,0,0,0,0
0,0,0,0,0,0,0,0,0,0,0,0,0,0,0,0,0,0,0,0,0,0,0,0,0,0,0,0.862505393355386,0,0,0,0,0,0,0,0,0,0,0,0.137494606644614,0,0,0,0,0,0,0,0,0,0
0,0,0,0,0,0,0,0,0,0,0,0,0,0,0,0,0,0,0,0,0,0,0,0,0,0,0,0.16300205218411,0,0,0,0,0,0,0,0,0,0,0,0,0.83699794781589,0,0,0,0,0,0,0,0,0
0,0,0,0,0,0,0,0,0,0,0,0,0,0,0,0,0,0,0,0,0,0,0,0,0,0,0,0,0,0,0,0,0,0,0.0242228502220428,0,0,0,0,0,0.975777149777957,0,0,0,0,0,0,0,0,0
0,0,0,0,0,0,0,0,0,0,0,0,0,0,0,0,0,0,0,0,0,0,0,0,0,0.0868338037522829,0,0,0,0,0,0,0,0,0,0,0,0,0.0649178150423377,0,0,0,0,0,0.848248381205379,0,0,0,0,0
0,0,0,0,0,0,0,0,0,0,0,0,0,0,0,0,0,0,0,0,0,0,0,0,0,0,0,0,0,0,0,0,0,0,0,0,0.434622790127779,0,0,0,0,0,0,0.565377209872221,0,0,0,0,0,0
0,0,0,0,0,0,0,0,0,0,0,0,0,0,0,0,0,0,0,0,0,0,0,0,0,0,0.109195402298851,0,0,0,0,0,0,0,0,0,0,0.634796238244514,0,0,0,0,0,0.256008359456635,0,0,0,0,0,0
0,0,0,0,0,0,0,0,0,0,0,0,0,0,0,0,0,0,0,0,0,0,0,0,0,0,0.0573926868044515,0,0,0,0,0,0,0,0,0,0.138632750397456,0.00524642289348172,0,0,0,0,0,0.79872813990461,0,0,0,0,0,0
0,0,0,0,0,0,0,0,0,0,0,0,0,0,0,0,0,0,0,0,0,0,0,0,0,0,0,0,0,0,0,0,0,0,0.938384679433805,0,0,0,0,0,0,0,0,0,0,0,0.0616153205661948,0,0,0
0,0,0,0,0,0,0,0,0,0,0,0,0,0,0,0,0,0,0,0,0,0,0,0,0,0,0,0,0.578567748583205,0,0,0.024214322514168,0,0,0,0,0.218959299330242,0,0,0,0,0,0,0,0,0.120556414219474,0,0,0,0.0577022153529109
0,0,0,0,0,0,0,0,0,0,0,0,0,0,0,0,0,0,0,0,0,0,0,0,0,0,0,0,0.0490466979828682,0,0,0.692042000552639,0,0,0,0,0,0,0,0,0,0,0,0,0.258911301464493,0,0,0,0,0
0,0,0,0,0,0,0,0,0,0,0,0,0,0,0,0,0,0,0,0,0,0,0,0,0,0.577809798270893,0,0,0,0,0,0,0,0,0,0,0,0,0.0660422670509126,0,0,0,0,0,0,0,0,0.356147934678194,0,0
0,0,0,0,0,0,0,0,0,0,0,0,0,0,0,0,0,0,0,0,0,0,0,0,0,0,0,0,0.168092793306712,0,0,0,0,0,0,0,0.7843696520251,0,0,0,0,0,0,0.0475375546681879,0,0,0,0,0,0
0,0,0,0,0,0,0,0,0,0,0,0,0,0,0,0,0,0,0,0,0,0,0,0,0,0.286889460154242,0,0,0.331448157669237,0,0,0.129048843187661,0,0,0,0,0.240274207369323,0,0,0,0,0,0,0.0123393316195373,0,0,0,0,0,0
0,0,0,0,0,0,0,0,0,0,0,0,0,0,0,0,0,0,0,0,0,0,0,0,0,0.126058180698784,0,0,0,0,0,0.386024318916423,0,0,0,0,0,0,0,0,0,0,0,0,0.487917500384793,0,0,0,0,0
0,0,0,0,0,0,0,0,0,0,0,0,0,0,0,0,0,0,0,0,0,0,0,0,0,0,0,0,0,0,0.00625514403292181,0,0.127736625514403,0,0.196049382716049,0,0,0,0,0,0,0,0,0,0,0,0,0.669958847736626,0,0
0,0,0,0,0,0,0,0,0,0,0,0,0,0,0,0,0,0,0,0,0,0,0,0,0,0,0,0,0,0,0,0,0.222238020759278,0,0,0,0,0,0.546139627470496,0,0,0,0,0,0.0268733115313522,0,0,0.204749040238874,0,0
0,0,0,0,0,0,0,0,0,0,0,0,0,0,0,0,0,0,0,0,0,0,0,0,0,0,0,0,0,0,0,0,0,0,0,0,0,1,0,0,0,0,0,0,0,0,0,0,0,0
0,0,0,0,0,0,0,0,0,0,0,0,0,0,0,0,0,0,0,0,0,0,0,0,0,0,0.662231093368818,0,0,0,0,0,0,0.134915354476233,0,0,0,0,0,0,0,0,0,0.202853552154949,0,0,0,0,0,0
0,0,0,0,0,0,0,0,0,0,0,0,0,0,0,0,0,0,0,0,0,0,0,0,0,0,0.600333518621456,0,0,0,0,0,0,0.160867148415787,0,0,0,0.238799332962757,0,0,0,0,0,0,0,0,0,0,0,0
0,0,0,0,0,0,0,0,0,0,0,0,0,0,0,0,0,0,0,0,0,0,0,0,0,0.00684608120868744,0,0,0,0,0,0,0,0.702195467422096,0,0,0,0.290958451369216,0,0,0,0,0,0,0,0,0,0,0,0
0,0,0,0,0,0,0,0,0,0,0,0,0,0,0,0,0,0,0,0,0,0,0,0,0,0.118259023354565,0,0,0,0,0,0,0,0.860084925690021,0,0,0,0.021656050955414,0,0,0,0,0,0,0,0,0,0,0,0
0,0,0,0,0,0,0,0,0,0,0,0,0,0,0,0,0,0,0,0,0,0,0,0,0,0.789873417721519,0,0,0,0,0,0,0,0.193440736478711,0,0,0,0,0,0,0,0,0,0,0.0166858457997698,0,0,0,0,0
0,0,0,0,0,0,0,0,0,0,0,0,0,0,0,0,0,0,0,0,0,0,0,0,0,0.731633380884451,0,0,0,0,0,0,0,0.262482168330956,0,0,0,0,0,0,0,0,0,0,0.00588445078459344,0,0,0,0,0
0,0,0,0,0,0,0,0,0,0,0,0,0,0,0,0,0,0,0,0,0,0,0,0,0,0,0,0,0,0.187379265936896,0,0.0242541317879373,0,0,0,0,0,0,0.582313801244902,0,0,0,0.0738355870358446,0,0.132217213994419,0,0,0,0,0
0,0,0,0,0,0,0,0,0,0,0,0,0,0,0,0,0,0,0,0,0,0,0,0,0,0,0,0,0,0.00016926201760325,0,0,0.0717670954637779,0,0,0,0,0,0.160291130670278,0,0,0.00152335815842925,0.766249153689912,0,0,0,0,0,0,0
0,0,0,0,0,0,0,0,0,0,0,0,0,0,0,0,0,0,0,0,0,0,0,0,0,0,0,0,0,0,0.74149890035527,0,0.104381661309423,0,0,0,0,0,0,0,0,0,0.154119438335307,0,0,0,0,0,0,0
0,0,0,0,0,0,0,0,0,0,0,0,0,0,0,0,0,0,0,0,0,0,0,0,0,0,0,0.0627853881278539,0,0,0,0,0,0,0,0,0,0,0,0,0.004337899543379,0,0,0,0,0.932876712328767,0,0,0,0
0,0,0,0,0,0,0,0,0,0,0,0,0,0,0,0,0,0,0,0,0,0,0,0,0,0,0,0,0,0,0,0,0,0,0,0,0.0583343676306317,0,0,0,0.519299987588432,0,0,0,0,0.422365644780936,0,0,0,0
0,0,0,0,0,0,0,0,0,0,0,0,0,0,0,0,0,0,0,0,0,0,0,0,0,0,0,0.0862619808306709,0,0.330511182108626,0,0.0348242811501597,0,0,0,0.424281150159744,0,0,0,0,0,0.00718849840255591,0,0,0,0.00431309904153355,0,0,0,0.112619808306709
0,0,0,0,0,0,0,0,0,0,0,0,0,0,0,0,0,0,0,0,0,0,0,0,0,0,0,0,0,0.112393428987315,0,0.0172593054689125,0,0,0,0.0116448326055313,0,0,0,0,0,0,0,0,0,0.205656061551258,0,0,0,0.653046371386983
0,0,0,0,0,0,0,0,0,0,0,0,0,0,0,0,0,0,0,0,0,0,0,0,0,0,0,0,0,0,0,0,0,0,0,0,0,1,0,0,0,0,0,0,0,0,0,0,0,0
0,0,0,0,0,0,0,0,0,0,0,0,0,0,0,0,0,0,0,0,0,0,0,0,0,0,0,0,0,0,0,0,0,0,0,0,0,0,0,0,1,0,0,0,0,0,0,0,0,0
0,0,0,0,0,0,0,0,0,0,0,0,0,0,0,0,0,0,0,0,0,0,0,0,0,0,0,0,0,0,0,0,0,0,0,0,0,0,0,0,0,0,0,0,0,1,0,0,0,0
0,0,0,0,0,0,0,0,0,0,0,0,0,0,0,0,0,0,0,0,0,0,0,0,0,0,0,0,0,0,0,0,0,0,0,0,0.730596175478065,0,0,0,0,0,0,0,0,0.269403824521935,0,0,0,0
0,0,0,0,0,0,0,0,0,0,0,0,0,0,0,0,0,0,0,0,0,0,0,0,0,0,0,0,0,0,0,0,0,0,0,0,0.709763617677287,0.269886947584789,0,0,0.0203494347379239,0,0,0,0,0,0,0,0,0
